-4369
-3714
-437
0
-1092
-1529
-1966
-3277
-5461
-5461
-6554
-4369
-874
218
437
0
-2621
-4588
-4806
-4369
-3495
-3277
-1529
437
874
-1092
-2621
-7646
-6117
-4369
-4369
-1966
-655
-218
-437
-437
-3714
-4588
-5243
-6554
-5680
-1966
-437
-437
-1529
-3495
-3714
-3495
-5243
-6117
-4806
-1748
0
0
-437
-1748
-3495
-5243
-6117
-4806
-4806
-2840
-1966
-2403
-1529
-1311
-4151
-4806
-5461
-5680
-5461
-2185
-655
218
-437
-2185
-4369
-3932
-5243
-5243
-3714
-655
1966
2403
0
-1529
-2621
-3277
-6335
-3277
-2185
655
1529
1092
655
655
-2403
-3058
-1529
-2403
-874
2621
3277
2621
-437
-655
-2621
-3495
-5024
-5024
-2840
655
655
1092
-1092
-2185
-4151
-6554
-6117
-5243
-3277
-2621
-2840
-437
-874
-2840
-5243
-6772
-7427
-6554
-5024
-2185
-2185
-1748
-1748
-3058
-5461
-6117
-5898
-5461
-4806
-3495
-874
-437
-1966
-2840
-5898
-8083
-8083
-7864
-4151
-3058
-2403
-2185
-2185
-4151
-6554
-7209
-7209
-7209
-5898
-6772
-3714
-2840
-1311
-218
-874
874
4369
8738
13107
18787
24685
29491
32767
30365
28180
25559
22719
18132
14636
13763
8301
2621
-5461
-11360
-12233
-10923
-8738
-8083
-6335
-2185
-874
-1311
-1311
-1966
-3932
-5461
-4588
-5243
-2185
-1311
-874
-1092
-218
-3495
-2840
-3932
-3058
-4588
-3495
-1092
-218
-1529
-1529
-3932
-4588
-6335
-4806
-2840
-218
1311
-655
655
437
-2621
-3277
-4151
-3495
-3277
1966
2621
2403
-218
-655
-1529
-2621
-2621
-2185
-655
-655
1092
1966
1748
874
-655
-1311
437
-2185
-4151
437
3495
4151
3495
2621
0
-437
-655
-218
1748
3932
4806
6117
4588
4369
4151
2621
2403
3277
4151
6991
9830
9830
9393
9393
6117
5024
5243
5461
7864
10704
10923
12233
11141
9393
7864
6991
7209
8301
10267
12452
13326
11796
11141
8957
7646
7427
5024
6335
8520
8738
9612
9393
6335
5243
3932
3714
1748
1311
1966
3714
3932
6117
4588
1311
-1092
-2403
-1529
-1529
-218
1311
1529
874
0
-2185
-3495
-5024
-4369
-5024
-2185
-437
-437
-218
-655
-2403
-4151
-5243
-5024
-3932
-1092
-218
-874
-1311
-1092
-3058
-4588
-5461
-5461
-4369
0
874
-2185
-2840
-437
-3058
-3932
-5461
-5243
-3714
-1311
-218
437
-655
-1092
-3058
-3714
-4588
-3932
-4369
-1748
874
1311
655
-1311
-5024
-5024
-5024
-3058
-2840
-437
655
-218
1092
-1311
-5243
-5898
-4806
-3058
-3277
-437
218
0
437
0
-2403
-3932
-3495
-3495
-4588
-437
-1092
-437
-655
-655
-4151
-5024
-4806
-3932
-2840
-655
-218
-655
-874
-1529
-3714
-5243
-4588
-4806
-4151
-1529
-1092
-437
-874
-2621
-4369
-6117
-6335
-3495
-3495
-1529
-655
0
-874
-3277
-5024
-4806
-5243
-4151
-2840
-218
218
-218
-2621
-3495
-4369
-4151
-5898
-5680
-3714
-1092
-655
0
-1311
-3932
-6554
-5898
-5024
-5024
-4369
-1311
-218
-1529
-2185
-2621
-3277
-5898
-6335
-4806
-3277
-1311
-874
-3058
-2403
-3932
-5243
-5898
-5024
-5024
-2185
-5024
-1311
-218
-1529
-4151
-5461
-5898
-5024
-4588
-2840
-655
-1311
-2621
-3058
-4151
-4151
-5680
-5024
-3277
-655
-437
-218
218
0
-2840
-4806
-5680
-3714
-3277
-218
1748
2403
218
-2840
-2403
-4588
-4588
-2840
-2185
437
1092
1966
1966
874
-1529
-2185
-2840
-2185
-2621
-218
874
218
-655
-437
-3058
-4369
-8083
-5461
-4369
-1748
-218
-874
-1311
-1529
-4588
-5243
-5680
-7209
-7209
-2840
-655
-218
-2403
-2185
-5898
-6554
-5898
-6117
-5243
-1311
-1311
-2840
-3714
-2840
-6117
-6335
-6772
-7209
-4369
-2840
-2840
-2185
-1966
-2840
-5898
-8738
-8301
-6554
-6772
-3058
-3058
-3058
-3714
-6335
-6554
-5680
-3495
218
2840
8738
13326
15292
19442
24685
28180
29710
29054
28180
26870
25996
22064
18569
13107
5243
-2621
-7646
-10267
-10704
-8301
-7209
-4369
-2840
-3058
-3932
-3277
-4588
-5024
-5243
-3714
-2621
-218
-1529
-1748
-2621
-3058
-3495
-5243
-6991
-3714
218
-1092
437
0
-2185
-4151
-4588
-4588
-4151
-874
218
874
874
437
-1966
-3714
-3495
-3932
-5243
-1311
-218
1092
-1529
0
-1529
-3714
-4151
-3277
-1966
655
1529
2621
2403
218
-2185
-2403
-1311
-1311
-1311
3058
2840
3495
2840
3058
655
-218
-2185
-2185
437
4151
3277
4588
3714
4588
1311
655
1092
1311
3058
6335
6991
7646
6335
6772
5680
3714
3277
5024
7209
10267
10486
11578
10486
9175
8083
6991
6772
8738
9393
11360
12670
12670
12889
11578
7646
7646
7209
7646
7864
10267
11141
10704
9393
8083
4369
3932
2621
2621
3277
5680
5680
5024
3495
2403
-874
-1748
-1529
-1529
-437
1748
2185
1529
437
-218
-3277
-4369
-4369
-4151
-2840
-437
0
-218
-655
-2185
-4369
-5243
-4806
-4806
-3495
-1748
-3495
-1966
-1748
-1748
-3277
-5680
-6117
-4806
-3058
-1966
-1092
-437
-655
-2403
-3495
-3714
-6117
-5024
-2840
-655
0
874
-874
-5680
-6991
-5461
-5024
-4806
-1092
437
437
437
0
-2403
-3714
-4588
-4369
-4151
-1748
874
-1529
-1092
-218
-2621
-4369
-4806
-3714
-4369
-1966
-437
874
437
-218
-2621
-3932
-4151
-3714
-2185
-437
-5024
-2403
1092
218
-3058
-5461
-5024
-4369
-4806
-1966
-655
1092
218
-1311
-3277
-4806
-5461
-5024
-4588
-2621
0
0
-218
-1529
-5024
-5680
-5898
-5680
-5243
-1311
-874
-874
-1311
-1748
-5243
-5680
-5461
-5680
-3932
-1966
-1092
-218
-655
-2621
-5680
-5898
-5461
-5680
-4588
-1092
-1529
-2621
-1966
-1966
-4588
-5243
-5898
-5243
-5461
-2403
-1529
-874
-2621
-3058
-4369
-6335
-5461
-5243
-4369
-874
-1529
-1966
-2185
-4369
-6554
-5243
-5461
-7209
-4588
-1966
-1092
-655
-437
-1311
-3932
-5024
-6335
-4806
-3277
218
1311
0
-655
-1748
-3932
-4151
-4806
-4369
874
1092
-1092
-218
-437
-1966
-3714
-4806
-3714
-2621
-437
437
2185
1748
655
-1092
-1748
-3277
-3714
-4151
-1748
-655
-218
-218
-874
-3495
-5243
-6117
-6117
-5898
-3495
-1529
-1311
-1748
-1966
-5024
-6117
-6335
-5461
-4151
-4151
-1966
-3277
-3495
-3058
-6554
-6772
-7209
-5461
-5461
-2840
-3058
-1748
-1748
-2185
-5680
-7209
-5898
-5024
-7209
-5243
-2621
-655
-1311
-2621
-6117
-6772
-8301
-7209
-7427
-4369
-4151
-4151
-3058
-2185
-2185
-2840
-3932
1966
7209
12015
17039
23156
28617
31894
29928
29054
27962
25122
20535
19224
15729
10486
3714
-1966
-8301
-11578
-12015
-10486
-7864
-4151
-2621
-2621
-437
-1092
-3932
-4588
-5243
-5243
-3932
-1311
-874
218
-2185
-4151
-4151
-6117
-5024
-4369
-3495
-218
655
874
-1311
-1748
-2840
-5680
-5680
-3932
-3495
-218
1748
1092
655
-1092
-3714
-3495
-3495
-2621
-1529
874
2185
1748
874
-437
-2840
-2621
-2621
-3714
-1966
1092
2621
1748
0
-218
-1092
-2185
-1748
-1092
2185
3277
3932
4151
2840
1529
437
218
437
437
2403
3714
5243
6554
5680
2403
437
1529
1748
2840
5898
7864
9175
9612
8738
5461
4151
6554
7209
7864
9393
9830
10049
10923
12233
9393
7209
7646
8301
9175
11578
12015
10923
10704
11360
9612
8083
6772
5898
6772
8738
8520
8957
8301
7864
4369
3277
1748
1092
437
3495
5024
5024
3932
1529
-655
-1092
-2403
-2403
-1966
0
1092
1529
874
-655
-2840
-3058
-3714
-4806
-3714
-218
874
874
-1311
-2185
-4369
-4806
-4806
-3714
-3714
-1748
437
874
-1529
-2621
-4151
-4806
-4588
-4588
-4369
-1311
437
2403
874
-2403
-7427
-4806
-3495
-3058
-3932
-1529
1092
1311
437
437
-2840
-5024
-6335
-4588
-1311
874
1311
2185
1748
437
-874
-5680
-4806
-3932
-1966
-218
437
437
874
-874
-2840
-3932
-4806
-5898
-4806
655
2185
437
655
-1966
-3495
-3932
-3932
-3058
-1311
-437
-1092
437
437
-1748
-2621
-3277
-3932
-5461
-2621
-655
-437
-655
-437
-1966
-3932
-4806
-3277
-3714
-2403
-218
1092
-1966
-1311
-2185
-5024
-5898
-4588
-3932
-1529
-218
-437
-1748
-1311
-3058
-6117
-6117
-4369
-4588
-2185
-1966
437
0
-1092
-3495
-4369
-4588
-5461
-4806
-2185
-1092
437
1311
218
-2840
-3277
-4369
-5243
-4151
-874
437
874
3495
-1311
-2403
-3714
-3932
-5024
-3932
-218
2621
3277
1966
2185
-874
-2621
-3495
-1092
-1092
1748
1966
2621
1748
218
-2185
-3495
-4588
-4588
-3277
655
218
-1092
-2185
-1311
-4369
-6335
-5243
-4806
-4588
-1748
-1311
-218
-874
-1966
-4806
-6117
-6117
-4806
-5243
-2403
-1311
-1748
-2185
-1966
-5024
-5461
-4369
-6117
-3932
-1092
437
0
-3495
-4806
-7864
-8301
-8301
-5680
-3932
-655
0
-437
-1966
-4369
-6117
-6335
-7209
-6991
-4588
-3932
-3058
-2185
-655
1092
1966
1966
6335
9175
13326
21408
27962
30147
28399
25341
19879
17258
14199
13107
12233
7864
1748
-3714
-6772
-9612
-10267
-10923
-9612
-7646
-3714
-1748
437
-1092
-2621
-4151
-4151
-5898
-4806
-3714
-2185
218
-874
-437
-437
-3058
-4369
-3495
-3932
-7427
-2840
655
-437
1092
1748
-437
-5024
-3932
-2185
-1748
-655
218
655
437
1311
-1529
-2403
-4151
-3932
-2840
874
1529
218
874
2621
-1311
-1311
-1966
-1311
-437
1529
-2403
218
2403
874
-218
-1966
-1966
218
-874
2621
3495
5024
4588
4151
1748
655
0
218
-218
3277
3932
4588
5461
5461
3495
2403
-218
3495
5461
6335
7427
7427
7427
8301
7864
7864
1529
3714
7864
10267
10923
11360
9175
9830
8957
7209
7646
6991
7427
10049
10049
11141
10704
6991
6991
5243
6117
6335
5243
8301
4369
5680
5243
3932
655
655
1092
1529
1311
1529
4588
3714
3495
437
-1966
-2185
-2840
-2840
-655
1748
2403
0
-437
-3714
-3058
-5461
-3932
-4806
-2185
-1311
-655
-437
437
-3277
-6554
-4588
-5243
-5898
-3932
-437
437
437
0
-1966
-3932
-4806
-4369
-4588
-1311
655
1311
-218
-1311
-4369
-4588
-3932
-7864
-5461
-437
655
655
437
-874
-3058
-3932
-2840
-6335
-5024
-655
-2185
218
655
-437
-2840
-3932
-4806
-2840
-3277
-1311
-437
437
-218
437
-1529
-3714
-5024
-4151
-5898
-3277
0
655
437
-218
-3058
-3277
-3932
-4151
-3277
-655
1966
874
-2840
-2185
-4588
-4806
-5461
-5024
-4369
437
437
437
-1529
-655
-4369
-6335
-6117
-6554
-6117
-437
-218
1092
655
-1092
-6117
-5243
-3932
-4806
-3714
-2185
-437
1311
655
218
-3932
-6117
-5898
-4151
-4806
-1529
874
1092
-874
-437
-3277
-3495
-3714
-3277
-2840
874
-874
-655
874
1311
-655
-1529
-1748
-1966
-218
1748
3277
1529
1529
218
-2621
-3277
-3932
-3932
-1529
-218
655
437
-4369
-6335
-3932
-5024
-6772
-6335
-4369
218
-874
-1311
-1311
-4806
-6554
-6554
-7864
-5461
-3277
-874
-655
-655
-874
-2403
-6117
-9830
-6554
-4806
-3495
-2840
-2403
-2185
-1311
-5024
-6335
-6117
-5680
-6117
-2403
-3495
-1092
-1529
-5461
-5243
-6335
-6554
-6554
-6554
-4588
-2403
-3058
-5024
-3932
-5680
-3277
-1311
1311
3277
8957
12889
16821
19442
22938
20098
19661
17913
16166
15292
14855
10486
9175
3714
-1092
-7646
-9830
-11796
-11796
-10267
-6117
-3058
-1529
-2621
-1311
-4806
-4588
-4369
-3714
-4151
-2621
-1311
-1092
-1529
-218
-1529
-6335
-6772
-5898
-3277
-874
655
-655
-1529
-655
-3495
-4588
-4806
-4806
-4151
1092
1748
1966
-437
-218
-4369
-3058
-3714
-2621
-3495
-218
1529
2185
437
-1529
-4151
-3495
-4151
-1966
-1529
1311
2621
1092
1311
655
-3058
-3714
-1529
-874
-874
874
4151
4806
3058
874
-218
-655
-218
218
1966
4369
3714
4369
5898
3277
0
1092
-218
2185
4588
6991
7646
8301
7427
6554
5024
4588
3495
5898
9175
10704
10049
9830
9612
6335
6554
7427
7209
6117
9175
9830
9175
8083
9393
8083
6554
5243
5024
5461
6772
6772
6335
6117
6117
4369
1529
218
-874
218
3495
4151
4369
3277
2621
-874
-2621
-2403
-3277
-2621
-2621
-437
-1529
-437
655
-3495
-4806
-6991
-5024
-4806
-1748
-218
-655
-874
-655
-3277
-5461
-6772
-6772
-5461
-1311
-1311
-2840
-874
218
-4588
-5024
-4369
-3932
-4369
-3932
-655
-1748
-1092
-2840
-4806
-4588
-5461
-5243
-3495
-3495
-2185
655
0
0
-5243
-5680
-4806
-5680
-5024
218
-218
-2185
-218
-218
-4369
-4806
-4369
-5024
-3495
437
-1748
437
1092
-437
-6117
-6335
-4369
-4588
-4588
-218
655
437
-1748
-3714
-3932
-4806
-5024
-5898
-4151
-1748
-437
-1748
-2840
-3714
-5243
-5243
-5024
-3714
-2621
-874
-218
-874
-437
-2403
-4806
-5243
-5243
-5461
-5680
-2185
-655
218
-1092
-4151
-5898
-6117
-6335
-5243
-3058
-1748
218
-874
218
-3277
-7427
-5898
-5461
-3277
-874
655
0
-1092
0
-1748
-3932
-4369
-4369
-3058
-1966
218
2185
1748
3058
-2403
-6772
-4151
-3277
-2840
-1529
1092
1311
-655
-3932
-5024
-4588
-5024
-6335
-5898
-2403
-1529
-1529
-2403
-2621
-4588
-5024
-6335
-6117
-5024
-1748
-2185
-1748
-1966
-2621
-5243
-5898
-6554
-6772
-7427
-2840
-5680
-2403
-2185
-4151
-7646
-7209
-6117
-6772
-5898
-3714
-3714
-1966
-2621
-3058
-5898
-7209
-7864
-6772
-6335
-4151
-3932
-2621
-2185
-4806
-6991
-7427
-8301
-9612
-7864
-5461
-3058
-218
1092
3277
1529
3058
6335
8301
12015
22282
27525
29054
27962
26433
20535
17039
13544
9612
6772
2621
655
-5243
-7427
-7427
-9393
-10049
-9393
-7646
-6117
-2403
-1311
0
-1092
-4369
-5680
-6335
-5461
-5898
-5024
-3932
-2621
-218
-218
-1966
-5898
-6554
-5680
-6335
-3714
-1966
-1966
-655
-437
-1966
-4151
-5680
-5243
-4588
-1966
0
-437
-874
-1092
-2185
-3277
-4588
-5243
-5243
-2621
-1311
218
-437
437
-1092
-1966
-3495
-4151
-3714
218
655
437
655
-1311
-3058
-2621
-2840
-1966
-2185
-655
2185
2621
2840
2185
0
-874
-1311
-2185
-2185
2621
4369
4588
3714
4369
1966
1092
1092
1092
3277
5898
8520
5680
7209
8083
5243
3932
4151
3714
5243
8083
9612
10704
9175
8738
6991
5898
5680
5024
4806
6991
7864
8083
8957
7427
5243
2621
2840
2185
3058
6117
5898
5243
3495
3932
-655
-2403
-3058
-874
-4151
-437
1966
2185
1092
-1748
-4151
-5024
-5243
-3277
-3495
-1529
-1966
-1092
-3495
-2621
-4806
-5680
-5898
-5680
-6554
-2621
-874
-874
-2403
-2840
-5243
-5680
-5243
-6772
-5461
-2185
-437
-2403
-2185
-3495
-5024
-6117
-7646
-7864
-4806
-1966
-1311
-2840
-4151
-3714
-5243
-6335
-5680
-4369
-4151
-3932
-2403
-1311
-1092
-1966
-5680
-6335
-7209
-5243
-2840
-437
-655
-1748
-1748
-2621
-3932
-4151
-4369
-4588
-5243
-1311
0
-1529
-874
-2840
-5243
-5898
-4806
-4588
-2403
-2185
-2403
-1529
-1529
-3714
-5243
-5243
-5898
-6335
-2403
-3277
-3277
-874
-874
-5243
-5461
-4806
-4369
-3714
-2185
-218
-655
-2840
-2185
-5024
-5024
-6335
-5461
-8083
-5898
-3277
-1966
-1092
-1748
-4806
-4806
-4806
-5461
-6554
-3058
-437
-3058
-3058
-2621
-6335
-7427
-7427
-5898
-4369
-1966
655
874
-437
-874
-3714
-4369
-4588
-3495
-4369
-2185
-874
-1092
-1748
-1092
-4369
-6772
-7427
-4369
-2621
655
2185
1529
-218
-2185
-4806
-3058
-3058
-3932
-2621
874
1966
655
-1748
-2840
-5680
-6335
-5680
-5461
-4151
-1748
-1529
-1092
-1311
-2403
-5024
-7427
-7209
-5898
-6117
-4588
-3277
-1092
-1529
-3277
-6335
-5898
-6991
-8738
-7427
-4369
-2403
-3277
-3058
-3714
-7646
-8301
-7427
-5680
-4806
-1966
-3058
-2185
-4151
-4369
-6335
-6117
-7646
-7209
-6554
-3277
-2403
-4369
-3932
-6772
-8520
-8301
-7864
-9612
-8083
-3932
-2403
-655
1529
1311
3058
5461
8738
10486
14199
23593
30365
30147
29054
24467
21190
18132
14199
10704
8301
5243
1092
-4151
-6772
-8520
-8738
-8301
-6554
-5024
-3714
-1311
-1966
-874
-437
-3932
-4806
-6554
-7209
-5680
-2840
-2185
-1529
-1311
-874
-3714
-4806
-4588
-4806
-2840
-1529
-1748
-655
-218
-1311
